-1 -1 -1 -1 -1 -1 -1 -1 (  )
-1 -1 -1 -1 -1 -1 -1 1 ( 12 8 11 )
-1 -1 -1 -1 -1 -1 1 -1 ( 10 11 7 )
-1 -1 -1 -1 -1 -1 1 1 ( 10 12 8 7 )
-1 -1 -1 -1 -1 1 -1 -1 ( 6 9 10 )
-1 -1 -1 -1 -1 1 -1 1 ( 6 9 10 ) ( 12 8 11 )
-1 -1 -1 -1 -1 1 1 -1 ( 6 9 11 7 )
-1 -1 -1 -1 -1 1 1 1 ( 6 9 12 8 7 )
-1 -1 -1 -1 1 -1 -1 -1 ( 9 5 12 )
-1 -1 -1 -1 1 -1 -1 1 ( 9 5 8 11 )
-1 -1 -1 -1 1 -1 1 -1 ( 9 5 12 ) ( 10 11 7 )
-1 -1 -1 -1 1 -1 1 1 ( 10 9 5 8 7 )
-1 -1 -1 -1 1 1 -1 -1 ( 10 6 5 12 )
-1 -1 -1 -1 1 1 -1 1 ( 10 6 5 8 11 )
-1 -1 -1 -1 1 1 1 -1 ( 6 5 12 11 7 )
-1 -1 -1 -1 1 1 1 1 ( 6 5 8 7 )
-1 -1 -1 1 -1 -1 -1 -1 ( 4 3 8 )
-1 -1 -1 1 -1 -1 -1 1 ( 12 4 3 11 )
-1 -1 -1 1 -1 -1 1 -1 ( 4 3 8 ) ( 10 11 7 )
-1 -1 -1 1 -1 -1 1 1 ( 10 12 4 3 7 )
-1 -1 -1 1 -1 1 -1 -1 ( 6 9 10 ) ( 4 3 8 )
-1 -1 -1 1 -1 1 -1 1 ( 6 9 10 ) ( 12 4 3 11 )
-1 -1 -1 1 -1 1 1 -1 ( 4 3 8 ) ( 6 9 11 7 )
-1 -1 -1 1 -1 1 1 1 ( 6 9 12 4 3 7 )
-1 -1 -1 1 1 -1 -1 -1 ( 9 5 12 ) ( 4 3 8 )
-1 -1 -1 1 1 -1 -1 1 ( 9 5 4 3 11 )
-1 -1 -1 1 1 -1 1 -1 ( 9 5 12 ) ( 4 3 8 ) ( 10 11 7 )
-1 -1 -1 1 1 -1 1 1 ( 10 9 5 4 3 7 )
-1 -1 -1 1 1 1 -1 -1 ( 10 6 5 12 ) ( 4 3 8 )
-1 -1 -1 1 1 1 -1 1 ( 10 6 5 4 3 11 )
-1 -1 -1 1 1 1 1 -1 ( 4 3 8 ) ( 6 5 12 11 7 )
-1 -1 -1 1 1 1 1 1 ( 6 5 4 3 7 )
-1 -1 1 -1 -1 -1 -1 -1 ( 2 7 3 )
-1 -1 1 -1 -1 -1 -1 1 ( 2 7 3 ) ( 12 8 11 )
-1 -1 1 -1 -1 -1 1 -1 ( 2 10 11 3 )
-1 -1 1 -1 -1 -1 1 1 ( 2 10 12 8 3 )
-1 -1 1 -1 -1 1 -1 -1 ( 6 9 10 ) ( 2 7 3 )
-1 -1 1 -1 -1 1 -1 1 ( 6 9 10 ) ( 2 7 3 ) ( 12 8 11 )
-1 -1 1 -1 -1 1 1 -1 ( 2 6 9 11 3 )
-1 -1 1 -1 -1 1 1 1 ( 2 6 9 12 8 3 )
-1 -1 1 -1 1 -1 -1 -1 ( 9 5 12 ) ( 2 7 3 )
-1 -1 1 -1 1 -1 -1 1 ( 2 7 3 ) ( 9 5 8 11 )
-1 -1 1 -1 1 -1 1 -1 ( 9 5 12 ) ( 2 10 11 3 )
-1 -1 1 -1 1 -1 1 1 ( 2 10 9 5 8 3 )
-1 -1 1 -1 1 1 -1 -1 ( 10 6 5 12 ) ( 2 7 3 )
-1 -1 1 -1 1 1 -1 1 ( 2 7 3 ) ( 10 6 5 8 11 )
-1 -1 1 -1 1 1 1 -1 ( 2 6 5 12 11 3 )
-1 -1 1 -1 1 1 1 1 ( 2 6 5 8 3 )
-1 -1 1 1 -1 -1 -1 -1 ( 4 2 7 8 )
-1 -1 1 1 -1 -1 -1 1 ( 12 4 2 7 11 )
-1 -1 1 1 -1 -1 1 -1 ( 4 2 10 11 8 )
-1 -1 1 1 -1 -1 1 1 ( 2 10 12 4 )
-1 -1 1 1 -1 1 -1 -1 ( 6 9 10 ) ( 4 2 7 8 )
-1 -1 1 1 -1 1 -1 1 ( 6 9 10 ) ( 12 4 2 7 11 )
-1 -1 1 1 -1 1 1 -1 ( 4 2 6 9 11 8 )
-1 -1 1 1 -1 1 1 1 ( 2 6 9 12 4 )
-1 -1 1 1 1 -1 -1 -1 ( 9 5 12 ) ( 4 2 7 8 )
-1 -1 1 1 1 -1 -1 1 ( 9 5 4 2 7 11 )
-1 -1 1 1 1 -1 1 -1 ( 9 5 12 ) ( 4 2 10 11 8 )
-1 -1 1 1 1 -1 1 1 ( 2 10 9 5 4 )
-1 -1 1 1 1 1 -1 -1 ( 10 6 5 12 ) ( 4 2 7 8 )
-1 -1 1 1 1 1 -1 1 ( 10 6 5 ) ( 4 2 7 ) ( 4 7 11 ) ( 11 10 5 ) ( 11 5 4 )
-1 -1 1 1 1 1 1 -1 ( 6 5 12 ) ( 6 12 11 ) ( 8 4 2 ) ( 2 6 11 ) ( 2 11 8 )
-1 -1 1 1 1 1 1 1 ( 2 6 5 4 )
-1 1 -1 -1 -1 -1 -1 -1 ( 2 1 6 )
-1 1 -1 -1 -1 -1 -1 1 ( 2 1 6 ) ( 12 8 11 )
-1 1 -1 -1 -1 -1 1 -1 ( 2 1 6 ) ( 10 11 7 )
-1 1 -1 -1 -1 -1 1 1 ( 2 1 6 ) ( 10 12 8 7 )
-1 1 -1 -1 -1 1 -1 -1 ( 2 1 9 10 )
-1 1 -1 -1 -1 1 -1 1 ( 2 1 9 10 ) ( 12 8 11 )
-1 1 -1 -1 -1 1 1 -1 ( 2 1 9 11 7 )
-1 1 -1 -1 -1 1 1 1 ( 2 1 9 12 8 7 )
-1 1 -1 -1 1 -1 -1 -1 ( 2 1 6 ) ( 9 5 12 )
-1 1 -1 -1 1 -1 -1 1 ( 2 1 6 ) ( 9 5 8 11 )
-1 1 -1 -1 1 -1 1 -1 ( 2 1 6 ) ( 9 5 12 ) ( 10 11 7 )
-1 1 -1 -1 1 -1 1 1 ( 2 1 6 ) ( 10 9 5 8 7 )
-1 1 -1 -1 1 1 -1 -1 ( 10 2 1 5 12 )
-1 1 -1 -1 1 1 -1 1 ( 10 2 1 5 8 11 )
-1 1 -1 -1 1 1 1 -1 ( 2 1 5 12 11 7 )
-1 1 -1 -1 1 1 1 1 ( 2 1 5 8 7 )
-1 1 -1 1 -1 -1 -1 -1 ( 2 1 6 ) ( 4 3 8 )
-1 1 -1 1 -1 -1 -1 1 ( 2 1 6 ) ( 12 4 3 11 )
-1 1 -1 1 -1 -1 1 -1 ( 2 1 6 ) ( 4 3 8 ) ( 10 11 7 )
-1 1 -1 1 -1 -1 1 1 ( 2 1 6 ) ( 10 12 4 3 7 )
-1 1 -1 1 -1 1 -1 -1 ( 2 1 9 10 ) ( 4 3 8 )
-1 1 -1 1 -1 1 -1 1 ( 2 1 9 10 ) ( 12 4 3 11 )
-1 1 -1 1 -1 1 1 -1 ( 4 3 8 ) ( 2 1 9 11 7 )
-1 1 -1 1 -1 1 1 1 ( 2 1 9 ) ( 12 4 3 ) ( 12 3 7 ) ( 7 2 9 ) ( 7 9 12 )
-1 1 -1 1 1 -1 -1 -1 ( 2 1 6 ) ( 9 5 12 ) ( 4 3 8 )
-1 1 -1 1 1 -1 -1 1 ( 2 1 6 ) ( 9 5 4 3 11 )
-1 1 -1 1 1 -1 1 -1 ( 2 1 6 ) ( 9 5 12 ) ( 4 3 8 ) ( 10 11 7 )
-1 1 -1 1 1 -1 1 1 ( 2 1 6 ) ( 10 9 5 4 3 7 )
-1 1 -1 1 1 1 -1 -1 ( 10 2 1 5 12 ) ( 4 3 8 )
-1 1 -1 1 1 1 -1 1 ( 10 2 1 ) ( 10 1 5 ) ( 4 3 11 ) ( 11 10 5 ) ( 11 5 4 )
-1 1 -1 1 1 1 1 -1 ( 4 3 8 ) ( 2 1 5 12 11 7 )
-1 1 -1 1 1 1 1 1 ( 2 1 5 4 3 7 )
-1 1 1 -1 -1 -1 -1 -1 ( 1 6 7 3 )
-1 1 1 -1 -1 -1 -1 1 ( 1 6 7 3 ) ( 12 8 11 )
-1 1 1 -1 -1 -1 1 -1 ( 1 6 10 11 3 )
-1 1 1 -1 -1 -1 1 1 ( 1 6 10 12 8 3 )
-1 1 1 -1 -1 1 -1 -1 ( 1 9 10 7 3 )
-1 1 1 -1 -1 1 -1 1 ( 1 9 10 7 3 ) ( 12 8 11 )
-1 1 1 -1 -1 1 1 -1 ( 1 9 11 3 )
-1 1 1 -1 -1 1 1 1 ( 1 9 12 8 3 )
-1 1 1 -1 1 -1 -1 -1 ( 9 5 12 ) ( 1 6 7 3 )
-1 1 1 -1 1 -1 -1 1 ( 1 6 7 3 ) ( 9 5 8 11 )
-1 1 1 -1 1 -1 1 -1 ( 9 5 12 ) ( 1 6 10 11 3 )
-1 1 1 -1 1 -1 1 1 ( 9 5 8 ) ( 3 1 6 ) ( 3 6 10 ) ( 10 9 8 ) ( 10 8 3 )
-1 1 1 -1 1 1 -1 -1 ( 1 5 12 10 7 3 )
-1 1 1 -1 1 1 -1 1 ( 7 3 1 ) ( 5 8 11 ) ( 5 11 10 ) ( 10 7 1 ) ( 10 1 5 )
-1 1 1 -1 1 1 1 -1 ( 1 5 12 11 3 )
-1 1 1 -1 1 1 1 1 ( 1 5 8 3 )
-1 1 1 1 -1 -1 -1 -1 ( 4 1 6 7 8 )
-1 1 1 1 -1 -1 -1 1 ( 12 4 1 6 7 11 )
-1 1 1 1 -1 -1 1 -1 ( 4 1 6 10 11 8 )
-1 1 1 1 -1 -1 1 1 ( 1 6 10 12 4 )
-1 1 1 1 -1 1 -1 -1 ( 4 1 9 10 7 8 )
-1 1 1 1 -1 1 -1 1 ( 1 9 10 ) ( 1 10 7 ) ( 11 12 4 ) ( 4 1 7 ) ( 4 7 11 )
-1 1 1 1 -1 1 1 -1 ( 4 1 9 11 8 )
-1 1 1 1 -1 1 1 1 ( 1 9 12 4 )
-1 1 1 1 1 -1 -1 -1 ( 9 5 12 ) ( 4 1 6 7 8 )
-1 1 1 1 1 -1 -1 1 ( 1 6 7 ) ( 11 9 5 ) ( 11 5 4 ) ( 4 1 7 ) ( 4 7 11 )
-1 1 1 1 1 -1 1 -1 ( 9 5 12 ) ( 4 1 6 10 11 8 )
-1 1 1 1 1 -1 1 1 ( 1 6 10 9 5 4 )
-1 1 1 1 1 1 -1 -1 ( 5 12 10 ) ( 7 8 4 ) ( 7 4 1 ) ( 1 5 10 ) ( 1 10 7 )
-1 1 1 1 1 1 -1 1 ( 1 5 10 ) ( 10 5 11 ) ( 11 5 4 ) ( 7 11 4 ) ( 7 4 1 ) ( 10 7 1 )
-1 1 1 1 1 1 1 -1 ( 4 1 5 12 11 8 )
-1 1 1 1 1 1 1 1 ( 1 5 4 )
1 -1 -1 -1 -1 -1 -1 -1 ( 1 4 5 )
1 -1 -1 -1 -1 -1 -1 1 ( 1 4 5 ) ( 12 8 11 )
1 -1 -1 -1 -1 -1 1 -1 ( 1 4 5 ) ( 10 11 7 )
1 -1 -1 -1 -1 -1 1 1 ( 1 4 5 ) ( 10 12 8 7 )
1 -1 -1 -1 -1 1 -1 -1 ( 6 9 10 ) ( 1 4 5 )
1 -1 -1 -1 -1 1 -1 1 ( 6 9 10 ) ( 1 4 5 ) ( 12 8 11 )
1 -1 -1 -1 -1 1 1 -1 ( 1 4 5 ) ( 6 9 11 7 )
1 -1 -1 -1 -1 1 1 1 ( 1 4 5 ) ( 6 9 12 8 7 )
1 -1 -1 -1 1 -1 -1 -1 ( 9 1 4 12 )
1 -1 -1 -1 1 -1 -1 1 ( 9 1 4 8 11 )
1 -1 -1 -1 1 -1 1 -1 ( 9 1 4 12 ) ( 10 11 7 )
1 -1 -1 -1 1 -1 1 1 ( 10 9 1 4 8 7 )
1 -1 -1 -1 1 1 -1 -1 ( 10 6 1 4 12 )
1 -1 -1 -1 1 1 -1 1 ( 10 6 1 4 8 11 )
1 -1 -1 -1 1 1 1 -1 ( 6 1 4 12 11 7 )
1 -1 -1 -1 1 1 1 1 ( 6 1 4 8 7 )
1 -1 -1 1 -1 -1 -1 -1 ( 5 1 3 8 )
1 -1 -1 1 -1 -1 -1 1 ( 12 5 1 3 11 )
1 -1 -1 1 -1 -1 1 -1 ( 5 1 3 8 ) ( 10 11 7 )
1 -1 -1 1 -1 -1 1 1 ( 10 12 5 1 3 7 )
1 -1 -1 1 -1 1 -1 -1 ( 6 9 10 ) ( 5 1 3 8 )
1 -1 -1 1 -1 1 -1 1 ( 6 9 10 ) ( 12 5 1 3 11 )
1 -1 -1 1 -1 1 1 -1 ( 5 1 3 8 ) ( 6 9 11 7 )
1 -1 -1 1 -1 1 1 1 ( 5 1 3 ) ( 7 6 9 ) ( 7 9 12 ) ( 12 5 3 ) ( 12 3 7 )
1 -1 -1 1 1 -1 -1 -1 ( 12 9 1 3 8 )
1 -1 -1 1 1 -1 -1 1 ( 9 1 3 11 )
1 -1 -1 1 1 -1 1 -1 ( 12 9 1 3 8 ) ( 10 11 7 )
1 -1 -1 1 1 -1 1 1 ( 10 9 1 3 7 )
1 -1 -1 1 1 1 -1 -1 ( 12 10 6 1 3 8 )
1 -1 -1 1 1 1 -1 1 ( 10 6 1 3 11 )
1 -1 -1 1 1 1 1 -1 ( 1 3 8 ) ( 1 8 12 ) ( 11 7 6 ) ( 6 1 12 ) ( 6 12 11 )
1 -1 -1 1 1 1 1 1 ( 6 1 3 7 )
1 -1 1 -1 -1 -1 -1 -1 ( 1 4 5 ) ( 2 7 3 )
1 -1 1 -1 -1 -1 -1 1 ( 1 4 5 ) ( 2 7 3 ) ( 12 8 11 )
1 -1 1 -1 -1 -1 1 -1 ( 1 4 5 ) ( 2 10 11 3 )
1 -1 1 -1 -1 -1 1 1 ( 1 4 5 ) ( 2 10 12 8 3 )
1 -1 1 -1 -1 1 -1 -1 ( 6 9 10 ) ( 1 4 5 ) ( 2 7 3 )
1 -1 1 -1 -1 1 -1 1 ( 6 9 10 ) ( 1 4 5 ) ( 2 7 3 ) ( 12 8 11 )
1 -1 1 -1 -1 1 1 -1 ( 1 4 5 ) ( 2 6 9 11 3 )
1 -1 1 -1 -1 1 1 1 ( 1 4 5 ) ( 2 6 9 12 8 3 )
1 -1 1 -1 1 -1 -1 -1 ( 9 1 4 12 ) ( 2 7 3 )
1 -1 1 -1 1 -1 -1 1 ( 2 7 3 ) ( 9 1 4 8 11 )
1 -1 1 -1 1 -1 1 -1 ( 9 1 4 12 ) ( 2 10 11 3 )
1 -1 1 -1 1 -1 1 1 ( 9 1 4 ) ( 9 4 8 ) ( 3 2 10 ) ( 10 9 8 ) ( 10 8 3 )
1 -1 1 -1 1 1 -1 -1 ( 10 6 1 4 12 ) ( 2 7 3 )
1 -1 1 -1 1 1 -1 1 ( 2 7 3 ) ( 10 6 1 4 8 11 )
1 -1 1 -1 1 1 1 -1 ( 1 4 12 ) ( 11 3 2 ) ( 11 2 6 ) ( 6 1 12 ) ( 6 12 11 )
1 -1 1 -1 1 1 1 1 ( 2 6 1 4 8 3 )
1 -1 1 1 -1 -1 -1 -1 ( 5 1 2 7 8 )
1 -1 1 1 -1 -1 -1 1 ( 12 5 1 2 7 11 )
1 -1 1 1 -1 -1 1 -1 ( 5 1 2 10 11 8 )
1 -1 1 1 -1 -1 1 1 ( 1 2 10 12 5 )
1 -1 1 1 -1 1 -1 -1 ( 6 9 10 ) ( 5 1 2 7 8 )
1 -1 1 1 -1 1 -1 1 ( 6 9 10 ) ( 12 5 1 2 7 11 )
1 -1 1 1 -1 1 1 -1 ( 6 9 11 ) ( 8 5 1 ) ( 8 1 2 ) ( 2 6 11 ) ( 2 11 8 )
1 -1 1 1 -1 1 1 1 ( 1 2 6 9 12 5 )
1 -1 1 1 1 -1 -1 -1 ( 12 9 1 2 7 8 )
1 -1 1 1 1 -1 -1 1 ( 9 1 2 7 11 )
1 -1 1 1 1 -1 1 -1 ( 12 9 1 ) ( 2 10 11 ) ( 2 11 8 ) ( 8 12 1 ) ( 8 1 2 )
1 -1 1 1 1 -1 1 1 ( 1 2 10 9 )
1 -1 1 1 1 1 -1 -1 ( 12 10 6 ) ( 12 6 1 ) ( 2 7 8 ) ( 8 12 1 ) ( 8 1 2 )
1 -1 1 1 1 1 -1 1 ( 10 6 1 2 7 11 )
1 -1 1 1 1 1 1 -1 ( 12 11 6 ) ( 12 6 1 ) ( 6 11 2 ) ( 1 8 12 ) ( 11 8 2 ) ( 8 1 2 )
1 -1 1 1 1 1 1 1 ( 2 6 1 )
1 1 -1 -1 -1 -1 -1 -1 ( 6 2 4 5 )
1 1 -1 -1 -1 -1 -1 1 ( 6 2 4 5 ) ( 12 8 11 )
1 1 -1 -1 -1 -1 1 -1 ( 6 2 4 5 ) ( 10 11 7 )
1 1 -1 -1 -1 -1 1 1 ( 6 2 4 5 ) ( 10 12 8 7 )
1 1 -1 -1 -1 1 -1 -1 ( 9 10 2 4 5 )
1 1 -1 -1 -1 1 -1 1 ( 9 10 2 4 5 ) ( 12 8 11 )
1 1 -1 -1 -1 1 1 -1 ( 2 4 5 9 11 7 )
1 1 -1 -1 -1 1 1 1 ( 2 4 5 ) ( 2 5 9 ) ( 12 8 7 ) ( 7 2 9 ) ( 7 9 12 )
1 1 -1 -1 1 -1 -1 -1 ( 9 6 2 4 12 )
1 1 -1 -1 1 -1 -1 1 ( 9 6 2 4 8 11 )
1 1 -1 -1 1 -1 1 -1 ( 9 6 2 4 12 ) ( 10 11 7 )
1 1 -1 -1 1 -1 1 1 ( 6 2 4 ) ( 8 7 10 ) ( 8 10 9 ) ( 9 6 4 ) ( 9 4 8 )
1 1 -1 -1 1 1 -1 -1 ( 10 2 4 12 )
1 1 -1 -1 1 1 -1 1 ( 10 2 4 8 11 )
1 1 -1 -1 1 1 1 -1 ( 2 4 12 11 7 )
1 1 -1 -1 1 1 1 1 ( 2 4 8 7 )
1 1 -1 1 -1 -1 -1 -1 ( 5 6 2 3 8 )
1 1 -1 1 -1 -1 -1 1 ( 12 5 6 2 3 11 )
1 1 -1 1 -1 -1 1 -1 ( 5 6 2 3 8 ) ( 10 11 7 )
1 1 -1 1 -1 -1 1 1 ( 5 6 2 ) ( 5 2 3 ) ( 7 10 12 ) ( 12 5 3 ) ( 12 3 7 )
1 1 -1 1 -1 1 -1 -1 ( 5 9 10 2 3 8 )
1 1 -1 1 -1 1 -1 1 ( 9 10 2 ) ( 3 11 12 ) ( 3 12 5 ) ( 5 9 2 ) ( 5 2 3 )
1 1 -1 1 -1 1 1 -1 ( 3 8 5 ) ( 9 11 7 ) ( 9 7 2 ) ( 2 3 5 ) ( 2 5 9 )
1 1 -1 1 -1 1 1 1 ( 9 7 2 ) ( 9 2 5 ) ( 12 7 9 ) ( 5 3 12 ) ( 5 2 3 ) ( 3 7 12 )
1 1 -1 1 1 -1 -1 -1 ( 12 9 6 2 3 8 )
1 1 -1 1 1 -1 -1 1 ( 9 6 2 3 11 )
1 1 -1 1 1 -1 1 -1 ( 12 9 6 2 3 8 ) ( 10 11 7 )
1 1 -1 1 1 -1 1 1 ( 10 9 6 2 3 7 )
1 1 -1 1 1 1 -1 -1 ( 12 10 2 3 8 )
1 1 -1 1 1 1 -1 1 ( 10 2 3 11 )
1 1 -1 1 1 1 1 -1 ( 2 3 8 12 11 7 )
1 1 -1 1 1 1 1 1 ( 2 3 7 )
1 1 1 -1 -1 -1 -1 -1 ( 4 5 6 7 3 )
1 1 1 -1 -1 -1 -1 1 ( 4 5 6 7 3 ) ( 12 8 11 )
1 1 1 -1 -1 -1 1 -1 ( 4 5 6 10 11 3 )
1 1 1 -1 -1 -1 1 1 ( 4 5 6 ) ( 10 12 8 ) ( 10 8 3 ) ( 3 4 6 ) ( 3 6 10 )
1 1 1 -1 -1 1 -1 -1 ( 4 5 9 10 7 3 )
1 1 1 -1 -1 1 -1 1 ( 4 5 9 10 7 3 ) ( 12 8 11 )
1 1 1 -1 -1 1 1 -1 ( 4 5 9 11 3 )
1 1 1 -1 -1 1 1 1 ( 4 5 9 12 8 3 )
1 1 1 -1 1 -1 -1 -1 ( 4 12 9 6 7 3 )
1 1 1 -1 1 -1 -1 1 ( 6 7 3 ) ( 6 3 4 ) ( 8 11 9 ) ( 9 6 4 ) ( 9 4 8 )
1 1 1 -1 1 -1 1 -1 ( 4 12 9 ) ( 4 9 6 ) ( 10 11 3 ) ( 3 4 6 ) ( 3 6 10 )
1 1 1 -1 1 -1 1 1 ( 9 6 4 ) ( 6 10 3 ) ( 3 4 6 ) ( 10 9 8 ) ( 4 8 9 ) ( 8 3 10 )
1 1 1 -1 1 1 -1 -1 ( 4 12 10 7 3 )
1 1 1 -1 1 1 -1 1 ( 10 7 3 4 8 11 )
1 1 1 -1 1 1 1 -1 ( 4 12 11 3 )
1 1 1 -1 1 1 1 1 ( 4 8 3 )
1 1 1 1 -1 -1 -1 -1 ( 5 6 7 8 )
1 1 1 1 -1 -1 -1 1 ( 12 5 6 7 11 )
1 1 1 1 -1 -1 1 -1 ( 5 6 10 11 8 )
1 1 1 1 -1 -1 1 1 ( 6 10 12 5 )
1 1 1 1 -1 1 -1 -1 ( 5 9 10 7 8 )
1 1 1 1 -1 1 -1 1 ( 12 5 9 10 7 11 )
1 1 1 1 -1 1 1 -1 ( 5 9 11 8 )
1 1 1 1 -1 1 1 1 ( 9 12 5 )
1 1 1 1 1 -1 -1 -1 ( 12 9 6 7 8 )
1 1 1 1 1 -1 -1 1 ( 9 6 7 11 )
1 1 1 1 1 -1 1 -1 ( 12 9 6 10 11 8 )
1 1 1 1 1 -1 1 1 ( 6 10 9 )
1 1 1 1 1 1 -1 -1 ( 12 10 7 8 )
1 1 1 1 1 1 -1 1 ( 10 7 11 )
1 1 1 1 1 1 1 -1 ( 12 11 8 )
1 1 1 1 1 1 1 1 (  )

Note: 
vertex map: vmap = {1,0,2,3,5,4,6,7}
(  ourvertex = vmap[ hisvertex ]  )

edge map: emap = {8,4,9,5,1,0,2,3,10,6,11,7}
(  outedge = emap[ hisedge ]  )



